1731205363472.png, -284.425 -59.00000 431.980
1731205369484.png, -293.535 -59.00000 430.458
1731205372102.png, -286.001 -59.00000 429.397
1731205376398.png, -281.570 -54.80000 429.411
1731205383454.png, -291.129 -54.00000 410.971
1731205385982.png, -301.486 -54.00000 409.344
1731205387117.png, -307.937 -54.00000 409.496
1731205388104.png, -313.548 -54.00000 409.453
1731205389186.png, -319.438 -54.00000 409.375
1731205399495.png, -324.444 -54.00000 420.938
1731205401008.png, -324.503 -54.00000 415.994
1731205403723.png, -324.481 -54.83389 409.300
1731205404601.png, -324.481 -54.74780 409.300
1731205405782.png, -324.336 -54.82324 409.406
1731205407351.png, -323.082 -53.83389 409.314
1731205409118.png, -314.115 -54.00000 409.514
1731205411394.png, -301.000 -53.24680 409.490

